200
10100101101011101101100001001111010010111011100111111111010000100000010100100110010000001111110011111000000001100001000110010010010000100000101100100100100001010101100111001000110101000111110111001110
11101110101111100001001111100101100110110111011101111010011000001100001011011111001111100111110111011110101000110101000000101001101101010011110101100001110101111011100010000010001101111000011110111111
00101111001101001100111010000101110000100101101111100111101110010100011011011111100011001010001110111001110110011001111001110110010111001000110000101101000110101001010001011100000010001111111001000101
00101111010111101010000101101010110011100101000101001000100010000111010010011110111000111010101100000011110001101111001000111010100000000001001101111001000000000001010001001001110101101101111110001101
11111011011111111101010101101110011100101110000110111001111000001111001100010011111110000000100111101111111000000000101111000101011101000001001000111101000101011100111001011000010001101000111000111110
11101010010000101111000101011111001000101101100001111101101110010001010011101001011101000111101110101001110001011101111010001000100010111001001111100000101110000111010000001000001101110010001001010101
01111000001011111011111100000101101111110100000110010111010001101111101000011010100000001010111101011011010011000000110111010001101011100100000001011010111000101011110100010001001001011000000000101111
00100101011111100001000010001110000101100011001000111000010001110011101100010101000001101100001100011111011010000101110000111001110011110110010011011011110010011010100101011111101101110001001100011010
01110010011101010100000100011111000001000011101011101101110011101010001110100001000011011010011011100100110111000000001100000001001111000101110110111111100110100110100111001100100000010010011010110010
01101011110001101001100110010100111110100101010100001100000010110001111000111101110010111101101111101110010101000010101100010101010011010000110011010111100001101001101101111100000001110011110100010010
01001111110101001100010001110111010011111100000100101101110011110100011100101010110000100101110101100100101001000000100101000100010011001000010001110110011101001101011011110110110000111111100110001011
01110111010100101011101001101101000111110001010110011000001100110110101111101111011011111111111000001000110110110011100011000100110010101101001000101100001010111011001100100000010010111011000010001010
01011111010011010011111001010101000111000100100100001000010001100100000011010100100010010010110101101000110000110100111100100101000100101111000110110100101011010001010010010000110000111111101100100100
01101000000111111010100100001001000110001100111001010101111100101101111100100001101110001101101000101101000010111011010010001010000100011001011001110011010010101000010010110011111010100001111001000010
00000110111001101100000010100100010000000100101101100110000001110101000010011101011010011001001110110110000110111010100001000111110000011111100101100111100100001000010010110101111111000111011011110011
01000011010000111011111111001010111101001011011110011010110011110001001101010110011100001100001000001010101100101110001011100101100001111111000011011000010010101001011000000101011110010101101100010110
10110001000101000000011001000101101011010011001111101101010111010110101011110101101101100011100100001000100000000111000111110110101010011101000011000101101110001010000010100100101000111011110111010010
10000110001101101110100000100100111000101011101011010111011001111110010000000101011101000011101111011111100011000100111100001010011111100100101001110111011010010011100010110001001111000111111100101101
01000110110000011100101011000101100110101111100111111011100001010100111101100111100110110101001000100000001110111010110001010000100000101101000001111001101011001001101101100011001100110010100100110010
01101001110001001010111100011010110110011011110000001001110001010110000100011110001010101100111111100011101100111111111010110011001010010101011010001000110011101100100000011010001101010000000100100001
10001101111010010111011101110001001110010110001001011110101001101100111110000111010010100001000010100000101110011100101001010000010011000110111111101001110101011000001001110001110111111111001001111111
10000001110111110000010101001111100011110000001000010010110111111100011101100000011010110001100001111001101000101110110001110010000111011110000010110111010101100100110101001001101000001101101101001011
10110100110011111010111100111011101011111111110011010000001111110011010110100000100100010010101110000001101100101101000100100010000011010101111111110000001101011101001101010011100111111000111000111001
01001110100000011110000011001010100000011011100100001100000100101111101110000101011000100101001100110001111010011010111110101100011010110100011111011111000001111100001100000001011001010001101100000101
11001001110001101010111100011111101101001011011010011111100010110101111101010100110010000011001101101101111001010100101111100001110001000110010100101111011011110010010010110101010011101000111011100000
01001111000101000111001101010011000001000111101010110011110010001100110101010001100000000010000101101000010001000110000011011000000101000100111101000010001111111001001101101100111001111110110000111110
01010011011000001000010100001110110101100110011100111110001000101001111101110010101001011110100001100111101110111110001010000010001010011100111000001001111100001110110010100101001011001010000011001100
11000010001100011101011000111000110111111101010111110101101010101001111010111011100101100011000110110010111010111001011000011000100000001010011110101111100000011010110110000011100110000101010100000001
11100100010000111011111001001000111100100101010011001111001100111100000100111001000101111000110111110100110110111101011010010001000101101000000000111001010110010001110100110110000110111011000101110010
11001010100111001001011110101011110100111010100100011111110011110101100100010111101010010010010111111111010010000000011110010011010111000100001010010011101111101000100010101010010111110101111100111001
11000011101111001100001111000010100110000101000100100000000011011110101110000011101100100000010011010001110100100101001011000001110000010111011010100011010010111100101110100110010001010001110011101110
10100011000101111000001101010010000000111111000011100011010000000111110101000100011011110001111101100000000011100010010111101011101110011001011100001111101011001001110011111011011111110110100111010111
01011100001011111100100111010101010001010011101110111101101111010011011101011100001011101000110011001001010100111011100011010010100110100101101100011101110100001101111001010010100101001110001111111101
01100100010100000010001110010100011011101001001000111010100010001001111101000110011101011011001111010110101110001000111100001110000101100101001011000010011001000100100100111110000101110110111110001011
10011110001100011000110000010111100100011110011111110100011111100010000001101101001000011101010000010010111110010101011000010010110001110100010011100001100100011100011010000011010011110000010110100011
00011101100001111100001011000111111011101011100100101111000110110000001101011010111110110110111111011100110101001011100101011100011000100010100000011100011010000001010011000001111001101100010010110100
10101110111101011100001110010001011001010100111011011111000100111001101001111110110011010000100110110111110110110001100010110010011110101001110001101010110010101110110111100010101000001011110010000111
10001111111010111101010110100111010101100100001110110101001111100011001010111100101011110100110000100001101000011101110000110111011011000011110111000000011001001111000010011011111100100010110011011101
00011010111100100000010011101001110111001111000101101110101101010000011100111010011111000011001011000000010001010110110001011011001011001111111101111100101110100101100110100000000111001111010010110110
00100101100100100100010000010100010000111111111000111010000101011110010000000110101001111010010101111111010100110010100110011101110011111010100010001111110000110111011010011010001111110100101111000101
00110101111100100010010100101111111100000100111101000110111011100100111110110000000101100011011110110010010101100110000011111110001011111111011001011001001000001101101110110011011111000000011000011110
00101011010001011101011011011010111010000101011001010011000110001110010101011001011000011110100110010111110010000100101111011001000100001001010110010110000000010001000101100110110110100001011101011101
00100101111011101111010010000010111001101010000111000001110110111100011000100111110011001100010100110000010110110011101010101110101000010111101001000100100000010011000110110010000111111010110100010010
10100101010100110011010010011011100000000111011000000010010111011110010000000001000110001000011001101000000001110100111111010101000101110001111010100010001011010110110100010011111001011101110010110100
11100111001110100011001111110101111000001110100100010001010101011000010111110100100111001001001001111111000010011010000100011011001010001000000000011001000011011101000000101011010110101011011001110010
11100010010011000111011101001011011110111010000011111001100110101010001011001001000110000011011001011001100100100111010011000101100110111110010010101100010111010100001111011101000101111000011111111111
11110001111001100110110010010000110110011100010010100000000001011101101001000011111010100011100001010000011001110001001110010000010010001111100110100011101011010001010111000100111100111111111011110011
10111100011101000001010010101101110110000000111001101101011000110011001110111010001101001101101001110101101100100110100010110111000110011100001101000011001011000010100000111100000010001010011000110110
01111101000000010001011010110101001000010010100110010110100000100000110010011111010100001000011001110011110101011000101011010110011111011100000001011000011101010110010100101100101000000000001111001001
01001100010100001110011010010001100001110011111011010111100110111011010010010100001101010110110101000101000010101001000000001101110001000010110010001001110110000101111100011000001111011010001101110000
11011111100001000000010111001011110011000010011111101000000001111010100011011001011010001011111101011101000110100100110011010100000111111100111010111111001000000110110110011100001000001000111001010110
01000111111101010100011001110110111110000001010001011101110111001011000001010011100010101101101100111101100100001001010111010100000101110110011101101101110001011010100101010010011000000001100011111110
10101101111000110111010010101110000010101011100110101010000110100010000011110000111011110101000101001000100010010101111101010001110000011010010110111011001010111011100111011110101010010001101011000111
11110110001001110100010010100111111101001001101101011111110110011100011000010010111100000110101111110010110101101001010010001000011010000000110110010110100111100010100111011000011000111000110111000001
00100100000100111011100010000001010101011100010011111010010011101011111010000001011010010001110100011000001011110001101010101000000001111100000011110011011110011010111011011011101001110111001010010100
01101111010110011101110111011011110100100111111100010100010000010000010110010010100010100010110110001010000100110101000001010000011010101011111110101011000111111001111001001100111011010110100001011010
11011010001001100101001100100101000011101100000101110110100010101110011111110001010110000011001100101101011100110101110100111111111000111110001001000001100001010001110011000000110000111010111100101000
11001111100111011011110011011110000010101111110001001100111110110110011000111111001010100101001100011001111111100100000100110100010001001111011000000011001110010001101000101010011110111100101101110101
10111101010110111011000101111011101010110100011011010010011111110001111001001101101100100100101010010011011001001011000101111101010011111110010011111000100001111000000110100100111000001011010011110101
10110010111110111101110000101011011000001100001000111110110011010001010000001000011000010011100110110001000001111101001100011011011111010110000000100111100000100111001010001000001100101011001111111001
11010101101111100000000101101001001111100001000001110100111100101000110110111001010101010101001011100111011001011011000010011000011001111101100111010000011110001100000100100110100110001011110000110110
11000000110001000110100010101000110110011100111100110111011000000010110011111011110010101001100110100100101100110100000101011110110101101101000001001110000011010110101001001100111001111100011000001111
01101110110111010101111010110110000010111000100000100110100101011111100101011100100000011100001110110111011110001010101110010100011110000011011101001111111011011011000000110001010100100001001010101111
01111100001101000011100000110110011010011101101110000110101011100001011010101000110100100000010000111001110001001011001110111100000001101100000010000100010010110110011010000110100111101000000011110110
10010000010110110011001110010000100000000011011110101011011000100011010011110011010010100010001001110000101111000000010111110010011111100110111010000111110110111001001011011010000000100011110011101010
10011111001101101010110100101111000001010000111000011000011001001010111110110100101000001101011001110100110111000111001000011101110111001011011011111100100111010010110001010101000101111010001111001011
00000101111010100100001000011101010100110011100011010011010101000100101011100011000100111011000101111111111110011110001000001111101101100101000110100110000110011101010101011100011101001000011111001110
11110001101100011011011111111111110011000010010100111011000000100100101101001100011110010111010100100010111100110001111110110010010111111101100001101011111101010011010010111101101100110011010101110011
00100100111111111010001100001110010101101000010110110010001111110010100010001101001001000010100101010010100011111000000100111011101111110001010000101000000101001011101000001001110011100001000001110101
01110010000001011101011101101011110101101011101011000010011100101010101000100110000100000100111101011110010011110110000000000111000100011000000011000000100011001010101100000010100010101110100111010011
00001111000011000001011101100010101100101001111001000100110000001000111000011010100101000110011010111001101100101010001011001101010110111010000001100111000100010001111101101110111001101000001101011010
00000111010110100101001100000101100010101011100110110010010100110011101000110101001110010110001011000001111010110101100001110110101011110100000011110010001110100011001110001100001001000101110110111010
00000110000110100110001110100001110110111011101011110011101011101101011111010100100001100111100100111011111101001111010001100000000011001011011000011110000011111000011001000110111100000100011011000110
00011110101110011100011111011110011000000010010010001100000011110100000110011111110111110101000001100000101000011110101100100001001000000000010101001001010011010101100110100101011001000100010011100110
01100011000000100000111111111101100110010000000100011001101010111011111111110110000010010100011100110011100001000011110100000101111001110101101011111101110110000000100100010010111101100001000000001111
10101000100111010011111010001001010111100110010111101101100110011101010000110000011011010000001111101000111011111100101100111100010101000101100100101010010101111001001000010100101111101001101100010100
10010000010011111101111011110101001010001011110010001000100110001101001101101011110111100100110001001100101000101110010110011011100110010101011111100001001011010011110001111111101111110010010111111011
11101100110010001010100011111100111101010110011010001011001010110101010101110110001110001011101001001001000010110010100111000001000011111111001101110000011101101111100110011001000101010111010010011111
01111000110001101010000011001011101110001001010010101101100011011010110111111100111111011111101000011010110001010010111011111101101011001101100101011111111010010000100011001011000101011110010010100101
01100010001101110111001001100001011010100110010000000000100111100011001101100110001000110010101110110100011111011100101010110011110001101101000010101000011000100000101110000110011011110000110100010110
10000001010111011000111111111010011001111010000100000100011111000001111100000100000111010110010011001011101100000000011011110010100100011011010010101000010001010011001100100111110100101101100011101010
11100011100111100001010001111011011101100101011110110111010101100001000100001100010010101010010011000111010110110100110000110110000011110110000010101001111001101010101001101101010111010100111110010000
10100111011101010000000101000011110001101101100010001011011111001110001011011000010100001100100011110001010110101110000010100101000011100000101110110010001010100110111100000011000101110100010010010000
11110111000011110011000111111101100110000101100001100000001001011011111011010101000101001010100111100010100000110011011110010010100101111101110100010000001110001000100110111110010101001000100110111111
01100010011011010010000000010001010011010001101111101100011110000001000010001001000101100111000110011100110011001010011010001110100001110011010100111100111101001010101001000100011011100010100111110100
10000010100000100110010001111011111100000000100011001110000011000100110000010101101011011110110010011001100100000011011010111001100111111000011010010110011000100011100110100011001111110100010111011011
01010010110011001000101101001110000100110110001000001011101110010100001110000101101011010100010000001011011011000101111000001000010100111011111111000100110000100110100011101101000101000000011101101000
01001111101101011000100100100000110111110111001010011110010000111101101011110001000000010110101101101100001011100010000111111001010010100001001000101100100001000101110111001010111001111110101010000101
11001101100010010001010011100011011001111111110011010011101010100010001110101101101000111110111000101010111110010000010010000000111110001001101010010101101100011000011110011111101110011010111111000100
10011001000001111010110110011000100000101010111110010001111110001010011001101000000011111110101001101100100100110100000111111100010100011010010001011100111011000001110000111000101001001101100011010001
11101001111111110101100010001110000001100110011000001010000011110000010010001100011110101101010010011001100110111001001011110101100101010001000011000111010101100010100110000100000110101101010100100110
00111101101111100101000001111111101111101111000110000101100100010110000001110001000101001100111011010001110111111110111110000010001111010010111000110101110101001010110110111011011111011110110111011110
01101110110110001010100000101101110001100010010010100101100011010010101000110011100000101010110010000000100011100110110100101110110111011011110001111100001110000110100101010011000000010100110100110100
01011010111000111111011110111011001000101000000110000001100100000100000101000110111010100101000100010000101010101011110001011000111101101001011010010000000010101110010100000000111000011111010001100110
10110111111111011011011000110111000000101100111011110011000111111010101111000011100100100110100101110101100011111001100101110011110111100001011110100111101101000010100101111000100111101101100111110101
10000010001000110111101001110000110111110010101101110101000001110001011001100000100001101000010100111110100000010011101100011100110110011110101101100010000011010100000000110100111010110011110111110110
01101100010011001010101001001001110011101011110111101000101111000000001100111001100011000001001010001110110010010100100111010011101000100011001000000110000011110101010111011100010110001100011111001001
00110100011100010001110000000111011100000010010100111001101110101110100100101101101110111101010011101010100011101110110001101010011000111111000000011100101001110101001111110000001101100001111111011110
00010101101011110100011110010101011001111110011111000000110111111000110010010011111010100100101011000111110110001010111001011111001011101001101000110010000010111001001111100010011101110110110010001000
11000011000110000100001000110010110011010100100101101110100111111101111010000001111100100010001011111101111010001100010011110100110111011100001110011110010111000001010101010001000011111010110000101010
01100000011001110111010001010000010101010010011101110100100011010101000111111000100010100000100010011110011010110001100001101100111100010011011000011010111010110000100110001011100010100010001001001100
00000100101100001011011010000111101000110010111111001011101101010010000001100100010011000111110011110100000010001000001111111100011000000100100110100001010000001001111100011011010011011010101101011001
01001101110100110011000010011000011101100010110011110001101111010010001001011011010000000101011100101000111110101010011111000101000010110111111000110100111111100111010101011100110101110101111011100001
01100110111001100010101110011000101111010010110100111100111010001000010100110010010100100000111011100001100110001010111111001011000011101101111011110110101010110100101001000001101000100001111001100100
00010101100000011000110100010000011010101000110110111111000011110011001111000011000111111000110001111101111011001011011010111111000110110001100101110010111111110011010100010111110110011110010100101010
01000010001010000000100100010001111010100111000001110001001011001000101011110001100111111010111000010101000111101110101011101101011101110001110000001000101010111100101110010011101110110111001100000110
10001110001100000010011110011000001100010000000011111101001111100010011110111001010010111100110101100101010110110000011001000001100001011110000110000111101111111100010000110001000110100101000010011111
01111001110110001010011011001100101000010100001001000101111111110111111010001010100000101010111011001001001000111001111010100101110010001100110100001000100001000000110101000111000101100111110101101010
00111000101001110110011011010100100111001010000000011001110010111101111011100001111011001001011101001111001111011000001101100101011000110011001001001110001011101010010000001011001001100110100010111101
01100100100110100001010111101111000111100000000100100100000100010011000010111111001110010100001000101100000110100010101000001110000001011011101110001111011001011011001001111111101010110100110011101000
11010100111001110101101011101111001000110101100101101011000000111110111100100011110101100100010101111101111110011101110010001000000100011111101010010111110110001001101100011010010101000110001000010110
10111101000001001111100100000111111001101101000101110001001101010101001110001110010110111010000010101011001110011101001011101001001110011111011100001010100001001111011101110111100100100100000101010110
01101001111010010011010010101011111100100010101101000000111000110010110011100010011110110101100011111000010011110011111110111000010110010011001100100011100010100011111110110101100101000000110110111101
10111001111110000011100001001010000000011110101010010111101111100100110100110111110010101010001011001111011011011111001100110101101001011000011100010110000101111101111111000000011111011101011110000111
00100100001110101100111011011001100100110000011110011100111100111000011001100110111011111011100100111010011110001011100010110001101101000111101001110100100010000011110001011101000101001111111111111010
10011001001001100100010101000000100110001010010000110000101001110100101110010100000111100110101100011101101101001111110001111110011010011000010001100111100100011000100101100010000100010011001001000001
00100110101001010011101001001111111111100111010010000010110001111010101101111110101110100101001101110010110100000011010111001111010100100011101101101100001010111000110110100111000000101010011100011001
01011111011010010100010010010111101001010011000110000001000000101100001001000111010100111111011100011011011111100000100000000000111001100011001110110110101011110110110000111010001111100100001001011010
00011001011100111100100011100100011111101101101000110000110011001110111110100111010000011111000010110010101100001101000000010010110000000110000111010111000010000000101000000100011011000101000011000001
01001111001110010110100010111001000011001011010000010100000101010100010111100010011111111000111101010100100111000101010010000100011010101101111001010100001101010100000010001010011101111011110001111011
11101110010000100111001011011011110100011001100111001001100010101101111110011001001110101010110111100110111100010110001001011111110010110011000111110011000110110111011101111110000111001100111100011000
10101100001101100110000101001101000110001010101101001111100011110001100110001110100101011101100010000011001111100010000100000000001011010011110111011101101000101011011001101011010110111110101101011010
10001111100001010110101011100001111111100010011011101110000010001011010111010011011111011101110111001010000001011000010110010110111100100001101001110111001100111011011011100100110101101100100110111110
01101100001100001101101010011101011000011011001001000001011101111100101011001011011100010110011111110001001100111011111100111110001000100010101110111011110101000001001110101100110001011000101101100100
10000110101010010100110000001101011000110111000100111100010011010110101000111111100110000111011100011011000001100000101100000100111001000100101110000001000110001010010111001111001110000000001011111001
11011010101100010010101110011100100011100111011101101001101010111011001011001111111010101011110101010101001111111011110110001110011011001110011101001111001110011001111001110111000110000001100110010011
00011001111111010110001001100011101110111011001110111101000101010010110100111101111101011010001000001001101001110000000000001110101101110011011101111011101000001011100010001110110111010100100111100011
01011101001100001101010110001011110101110001000000000000011100100011011010011100111101110011100011000111000011110011000101001010000001111111100111111001011100011111100000001101100111000011000111010110
10100100001101000011101100001110110010110010011110011100000000110100100010011010111100101001100110111111101110101110001011010011010010100001011100111111010001100101010101110100010110110001001011011010
01110010100011010111011011110000100001011101100000111001000100101101110000110000011111110001100111100010000011011011001101101001100010011001111000100110000101101010011000001000000100100101011110100010
10111100001101001001000100010011001101010001100011110011001001011110000100111101110110110011111101000010111110000100011111101000101101111100111101111101100001010110101110111101010000011110001001101010
01101100011010110001110010011001101011011000000111010110001111111001010111000011111110100010000000100010100010110110111110010000111000110111111111100111101000100101010110001001010011010011010000101110
10101111111001010111011010101111010000100011110000010010011000111110101110001101011101110100100001100110011111100011100010100101111101011010110001001111011101100000101001100100011011001110111010100110
01010001001110010001011001011111101111110011011000011100101100010010100000010011100100110110101100110111011011101011111111000100100101111110110100000001101110001100101010111010010101000010011011001001
11011011010011000010001000111011000100000010000010001011010010100101100111111011111011000001001110110001101011010111000101001111000011011000000100010011011001001001001011110000011110010011111110001100
11100110001010100010111100101001011101000110001000100110101111000101101000001001111110000110100001011111001000001100001011000111000010100011001010100111001100001100110100000011001010100110110010111011
00110010011011111110101101111110100100001110000000010110001011111101111110011011001001001100010110110000011000101010010101000010011010001100001110010100110100010000110101110000001011101100010111100111
11110111001100110111110001010101101011001111101111101111001111100010000110010111001000011001111101110010111101101100101000000001100100111010011110110110101011100100011111010001011001000111000010001001
11101000100111111101010001101000101111000010000000100001010100101011010001001000110001011100010110010111111001010001010111111010011010011110111100110110010010100111100100110001110001100110011100100100
00110110110011100010010011010110011111100101100110000110100101001000000001111011111101110101011011101001100111111010011000110111100010011000001010010010100000001101001111110100111100010001000111101010
00001011110100001000000111110100010100001101001100100011110001110001110011101001101010110110100001111001010101010110110101000100010111100100111111000111010011100100100000001110001101001011101101110000
11110111111011001100101111001100100001100110110100010100111010000100100100000011010110011010111000110000101000011111011101001010100011110010110101010000001100100001111000010001000010111110011110011101
10101001101001111001111010111010101110100100101000101110000110111111101111111101110001011000110110010001000110111100010101111111011110101001101001111011100011000010001001010110110110101110101001010100
00000010000000110000001001100101100101011010100010000110000100000111001001000011110011110011100101101010001011100101110010111010111001111110010101000101111000011101010101001000111001111111100001110111
10111101101010000010010100100110101111000010110101010011101111000010101101001001100111011101101000000001001111101101001010011001111001010110101100111010110110111111110000111101000001101111001110001110
00011010100111001000101011110000010111000000011110010110001000100101100010100110100101010110111001000100001001111011110000000010001000101110000100010100001011011010000001101010011111001011001111010011
10111101001010111000101011011011010000011101100110110111000110010110000010000100100111110000111010001111010110010101010011001101001001011011010100110001000000000010100010100010010001101011010110011101
00101001100101001001000010101001101110010110110000010111001111100000101001011010100101100111110010000011101101110100001000011000010010000011011010010110011111011010100010001010001010010010101001000100
00110001001101110101110110010000111011011111111001100101111001110101101100001011000000010101001010011010101000110011110110110001010111001011000100101010100101111001111000001100011001000001011100101011
00111000111101000100010101011111000100011010100101110000110000111101101011010011100011001101010011100100000110001110100001111110100000110101111110010111000101111101000010111111110000011000111011010100
00001011101011011111111010100111100110001001100110001000101000011000011010000110110110011011010100101011111100011001010110011100101000101011111011110100101010110110010000110110110001111011100111111100
00101110110000010111110000111000010000001101001000010000010101001011101111010101111101001110000011010110011001011011001100001110001010110010011001000001001010001000001101000101111111011010011111100000
10111101111110001001111001111101111010000110111000100100110010010001011111001000001010110011000011110000011110111111000010000010110011001111101110011101011011000100100000001011111100011110111011110000
11110100101011110011001001000011000110101101100111110000100101010111001111100010011100110000000111110110100001100000000011101100001010001010000010000001001000110011111010101111100001001110110010100000
01100001001000111101001110010001011100010000010100100010010111000010110011010010101100010101011111011100110110101011011000011001100111101010111010001100010011000101111111100101001110101001110100100111
10100001011101011100100010001010100111100000010111101010000101011110111111111110100010101000101111110000101111110000100000101111111000111110110100110011101000101100110010001111000001100110111011100000
10110111010111001111000100101110101111111000100100100100010100101010010110100101110111101010101000001001011000010110110111110000000101110011111000001000001110010101100110101100101010000101001110101111
11010100001100111101010011000111010001010001001101011111000110101100011110100001110010110110000101100001101001110110001010000011111000101111010111110000001010100011011010010001001111100010101111100100
01100000110111111000111001011111001010100011001000111101110101010101010011100010111001100001111001101111000100010111111001111101000010100011011110010111110101010010000111000011110100011100001110100000
11000010000100110101110111101101011000011010100001011101111111100001011001010000111100110010100110000001010010101011101001001000111110001100111010010001100101111001111111100111011000011101101011110100
01000000001100010010001000110111000011010010011100000110010111100111101101000101100101010110111100000101010011110001111110110011111001100100011110100100101100011001101011111110001011111100110011111101
11011001111010111100000011001000110100110111000001011001010111101000010010100011000001100100111101101000010110110101110001111010000010100110100010100010011011001101011110000101010110001010001100110111
00100111011100001101110000001001001100101000011010110100100000101001011100001100011000010000101010101001101110001001101110101100001001001100010011111101000011010111110001100010010100101001100100010100
11011100110100110111100101101101000011010111110110010011001001000100000011001110011011000101001010011100000111001000010101101111000000111000110010000000000011111111011101101101010110000010011111110101
10101001111010100010010001110000011010011101001001101110010100111101111001100010111111101110100010101010001001101010001110110001000100100010010011000101101010000011110111111110000100111101110110010111
10111000010001010001011010110011110011001010010001010101011110111010101000010011011011000000100010011100100100100001110101110111111100101001011000000011000111001110111000100000100100010111000011000011
10101000101100100001000101110100011111101001001000111010001011111111110011011011001001000010110100001010001001000011110011000101010101100101111000000000100001111111111010000010100010000100100000000000
11000110110000100101101000100010001000101010011010100110101111101000010001001010001110111000101000011100000111111011010100111110001010101110101000010011000010011001010000001110000000001110100000000000
00101001110011001000111011001100101010011001000011101001001011110000011100101110101001011101001010110110111010011101001110011100011010110110100011110010011000011110010010001101100001101100010100011111
10110111100010101011010111010010001101001010110100110000000010010011101101110011000000010000010010001111011100111110101011011001100010110010011011110011011001001100110111000100100110100100001101100011
10001110011011111110100100011111010000010000000011001001010001110000110101000111100100000101001110010101001110100111001000110000000011110001111100001100001111111001000101010001011011100011001100110101
01000111000000100010101010000100101000000100101000111001011100101010000001000001100001101111100110101001010101111111001100001110011101100100011000011010110100100010110011110011011110100111011111010001
11110011101001010010100010110100101110001101011110111010001101100101000001101011001110111111010001101010111101100000101011111110111011001011100010110010011011101000010001010110100011011111011101110110
11111101111001110001010011011011011000011000101110011110110111101011111001101110011111010111001101100011001110011011010011001101000001110111111011001110000100011100010101110111011101011001011101100000
00000010100001110110001000101110000011101000011100100100100110011010100100000010111100100010011011110111001001000111011100000110110001111001101010100111011100110011101111000101100011111100000000000000
01011100001110001000111010001011001110110001101011010011110010000111001010111111101010100000100000110110111000101101011000011100001110001000011011111101100011110110101110101000100100000101110101010111
00010001100111001011100001110101011110011011010100010101010000010011100010000001111100011110011000111011010010010111111110111001101010010101111010001011110101101011001000110011010100110110110010001101
11110111011100110110011110001001101110001011110110110110010011100010100000111111010101000010100111010010011101000110001100010001010110011000110111101000100001000100000110110111010111000101111111101011
00000000111001010010110001010011011000110110011010100100100110100000111010111000001001000110001100100110010110011001100011001000001111001010010000111011000110100110101001111101111000010001001001110001
00100111011010011111111100001101100111011000000001000011000001110101010101001111010101000010010001011000100001001000100101111010111101100000111111110011110001101000100001011111011111001011111110010101
11111101001111011000111101101101110010100000010100100001010110010110000001101110010011000111001001000110001101111000010000110100100110010011100100011001010010001100110101000010101000100111100111010010
01001001110110000010010111100011010010010011100000111111100011010101100010011000010100111100001101001110010111011101011011001111011101001111011011010111110100111001001100000111100000001100100111111110
01011101011100101111010100011101110111100010011101111111010101100011001111000110001101011010000100111011110011100101001100010101111101000000000111100011001001001010000010011000111101101100110000110110
00001110001011010010001100000001101100011101101110001010111000100110010011010110000101111010001011101010010101101100111010100011000010111110001000110101101110011111111101010001111100111110001100111111
10001010101110111001100010000100000110100001011010011001111010011111101111101100100000100111001100111101111011111011001101111100111111110101110000011010111001001110000001111100010010011110101000111100
10010001001101100011111110000111100100101000101100101111101101101111100011100100010010110011101110000101010000010000000000110100010110000000001101000010011011010010010010010101010110101011011100001011
01100110000110111010100101100100110110000010010110011011111001010011011100001110111101101101010110011100001001011011010111100011000110000000010110100100101110011110001111000101101000100010100000000100
10110010101100110100000111001000000000000001011010100000000110110001010100000100111111110011011011010000010001110100110010110100101111101010010000111001011110010001001110011100101010000110000010011010
00001001001000111011100000101110010101111000110010000111100100111011000100100111111011110001010000101110111110101110001111011010001011110000011100101110001110011001000110111000001100111101110100100010
01111100011001010000101111110100111001100001110011010100011000001001001000011000111010111000100100111001000101000010001101000101111010101011001110101110000011011111000110011101100001001001001010010001
11001101111111100110011000001100001100000110110101110010010010110000001000111101110101010111010111100001000110111100111110001000110001100101011001011111110100010001101111010010000101111100110100010100
10111100010001001010011011100001100010010101101110101011010101010101011111101000101011001011001001011100101011000010101000011011011001111100110100111110100101010010011111010110000000000110111110110101
11011100011001011001100111110000010001001010110101000101100000000110110011101101000100010100011101110100001000101011011110010010101110111101001100110101101110001000111011100100011011010111001111100110
01000001111011011110100001111011101111101011110111111000101000100111000100011010010000011100001011101000011010111000001001011101011001100110110100011000110000011011000000111110111110010110111101010111
00110110100010011101101010000001011010000101100100000111010010110001000111100110100110000110110100010101000110010111011110010101000111010011000010110010000001110011111010011100011100010011101000010000
10010110111010001000100011000000000011001001000110100111101101010001101100001000111001101001011101000111000011110000001001101101001111011010010101110101010001101101011010100001001011001001111010110000
01101100010000100001001110101100001110100111100111101000110111000000010100010111110000101100100101000110000100110011101001111010010110100010101010010011010101110011011010010101000101010111001100101001
11001111111011100011011100111111110010000001110111000001001011100011010001000101111100100001101101000010100101000010001110001111100011010011101100100010110000001011011100111001110010101111110001001111
11101100011011010001011011011110111010010111111000000000010101100001000011011010110110001111110000011010011100010011101011010101110001001100000000110011000011011110100000101111101100101011110110111001
11100111000111111100111010111010001010111010010100101100111011010111101101111101100001011001010010100000111011110100000010010001000010010000111001001100100110010101001011001000100110101011101011011101
