20
 9000   15   13   11   15   14    1    9    2   16    1   13   12   16 9000   11   16   13   19   12
    8 9000   18    3 9000   11   15   14    9    2    4   13    6   17    7   19   12   11   12   11
    4   13 9000   17   17    6   15   13   18   14    1    8    5   16    3   10   16 9000   13    7
 9000   16   15 9000   16   19   12    9   19    8    9    8    9    8   15   13    7   10   15   12
    5   18   13   18 9000   16   15   11 9000    6    3   15    8    9   10   17    3   12    6 9000
    9    1   18   12    2 9000 9000 9000    2    9    8    8   10    9    3   13   14    4    7    8
 9000    2    5   19 9000 9000 9000   14   12   16   10   18    1   15    2   19   19    5   17    3
    1   14   10   16    9   16 9000 9000    3    5   17   15    3   14    3    7   16    5    4 9000
   18   19    9    9 9000    8   17   16 9000   15   19   14    1   13    5    2    9   14   18   10
   14   14   11    5    6   13    9    7   13 9000   10   15   14   14   13    2    5   11   11    1
   14   11    4    1   17   10    1   16    3    7 9000    7   16    7    7    5 9000    8 9000   19
    7   13    6   10   12 9000   12   13   17    9   12 9000   17   12    9   11   18   14    6    3
    6 9000    5   17    8   17   15    5    6    9   10    2 9000    1   19    3    3    9 9000   13
   12 9000    5   14   16   14   11    5    4   12   12   11    3 9000   18   18    7    7   18    3
   12   11 9000   14 9000 9000   16    8    7   17   19   16    9    3 9000   18   18   14 9000    4
   10    5    8   12   17   11   17 9000   12    1 9000   12   13   14   11 9000    7   12    7    2
    6    5   16   16    5    2   10   10   12   19    2    6 9000   19    8   13 9000    6   13    8
    8   12   12   12   18    7    1   15    3   15   19   17   17    5    7    6    3 9000   11    4
    6   17   11   11   15    4   17    7   15    3   16    6   11   18    4    3   18    9 9000    6
    3    8   12    9    7   11   12   10 9000   10    4    2   11   17    1    1   15   16    4 9000
