471
9
1 599
2 154
3 469
4 214
5 175
6 357
12 516
15 133
19 43
20 481
21 23
22 970
23 630
24 187
26 411
27 533
30 369
31 178
32 858
33 651
39 22
40 295
43 449
45 387
46 615
47 372
48 645
49 766
54 156
59 998
64 77
67 339
72 497
74 90
75 713
77 785
79 562
80 253
84 99
89 250
90 172
93 491
94 581
95 153
97 46
98 640
100 883
106 516
107 40
110 968
112 124
113 943
117 798
119 546
120 176
121 246
122 363
124 756
129 590
132 45
133 370
135 645
137 118
141 42
147 173
148 676
150 942
152 31
154 434
155 649
157 151
158 748
159 886
160 596
162 878
163 498
164 911
168 195
169 914
171 861
176 661
182 253
183 283
184 97
185 216
187 387
188 961
189 594
190 869
191 674
194 229
196 288
199 959
200 84
201 63
202 249
204 951
205 715
208 501
209 834
211 366
213 548
214 770
215 303
216 770
217 919
218 392
220 912
225 524
226 967
229 36
232 176
238 853
241 65
242 120
244 104
248 758
249 332
250 139
252 936
253 729
257 413
261 673
263 985
264 929
266 728
268 891
270 808
272 130
274 687
276 303
278 291
279 870
280 133
282 925
283 569
284 777
285 666
286 642
290 812
291 551
295 580
297 829
298 279
300 651
302 770
305 588
307 225
310 386
311 622
312 951
313 522
316 973
320 781
323 333
325 184
326 836
328 377
329 357
330 255
331 143
332 823
337 921
338 315
343 684
346 835
347 661
351 660
353 389
354 891
355 444
358 934
361 415
362 595
364 994
366 688
368 722
369 304
370 797
371 927
372 729
375 333
377 460
379 507
380 955
382 416
387 145
389 491
390 954
392 120
393 830
395 57
396 923
398 539
401 626
402 300
410 618
411 56
414 124
417 470
420 774
422 741
426 372
431 146
433 663
437 684
440 473
447 710
451 251
452 468
456 300
457 115
459 696
462 611
465 109
469 698
472 608
476 704
477 515
478 207
479 610
480 35
481 229
483 634
484 853
485 787
486 410
489 232
492 208
494 122
496 160
497 977
498 720
500 175
501 515
502 831
504 284
508 848
509 900
512 714
516 612
519 245
520 74
523 905
524 795
525 259
526 414
528 54
532 298
535 356
537 977
540 835
541 577
543 100
546 835
549 360
550 769
553 460
556 127
557 544
565 397
567 201
569 322
577 983
578 442
579 413
586 317
587 721
588 17
590 55
591 218
593 949
596 133
599 145
601 300
602 895
604 972
609 711
612 934
615 880
618 31
620 809
622 294
623 727
627 213
629 783
630 38
633 86
635 200
636 978
638 684
641 521
642 38
645 110
646 163
647 437
649 109
650 620
652 699
654 905
655 597
658 609
659 338
660 75
661 260
662 196
667 965
668 214
672 420
673 277
674 355
677 160
678 317
680 898
681 729
682 32
683 655
689 546
691 359
692 777
695 963
696 544
697 577
698 47
701 222
702 457
705 682
708 475
709 114
710 976
711 165
713 498
717 621
719 871
721 822
722 521
723 455
726 667
727 737
728 841
729 356
730 813
734 392
735 429
736 829
737 282
739 497
741 572
744 334
745 875
746 287
747 568
748 733
755 548
756 36
760 890
762 527
764 811
765 352
767 455
769 988
774 280
776 72
777 303
778 772
779 875
781 117
784 774
793 749
795 708
801 516
802 761
803 737
804 308
808 271
810 740
812 148
813 827
814 549
816 954
821 708
824 614
830 632
835 748
839 954
841 744
845 100
846 713
848 239
849 553
850 761
853 338
856 325
857 246
859 433
862 100
863 121
864 939
867 122
868 669
870 116
871 474
872 295
873 642
877 993
879 324
880 89
882 341
883 203
885 451
887 231
889 376
891 320
892 9
893 397
899 252
902 431
904 773
906 84
908 945
910 428
915 847
916 935
919 383
921 857
922 470
923 449
925 508
926 823
928 448
929 338
930 896
933 251
934 864
938 233
939 980
940 922
941 675
942 547
944 919
947 295
948 1000
949 153
950 56
951 555
954 247
955 725
956 671
957 657
958 853
960 421
962 78
968 360
971 230
972 122
973 55
974 661
976 623
977 928
978 363
984 2
986 25
987 411
988 327
990 577
991 367
994 425
995 915
997 984
999 148
1000 964