2000 5878001
19215 19
16159 16
4685 6
6524 11
13607 25
28456 56
13189 26
12014 24
13537 35
23446 69
18689 59
21344 71
10996 37
20494 78
209 1
21902 106
7330 36
18164 90
20002 109
11922 66
20476 131
20084 144
20019 150
15094 116
21232 180
1175 10
7648 66
23091 200
23111 208
21008 208
15087 166
7428 83
23509 265
9814 114
1455 17
5433 65
5421 69
20120 268
9611 132
1340 19
15264 219
16235 238
25009 371
17301 263
18185 287
22016 349
7601 123
16411 277
14261 256
4669 86
21237 393
13972 259
12986 245
9966 190
29242 578
16773 346
7313 153
8943 196
6105 134
14717 325
17035 392
16053 376
24423 575
22283 537
4326 109
18019 457
6742 173
8772 230
6727 179
25009 672
14953 408
6109 171
20679 580
19934 581
6849 202
15304 452
3922 116
2265 67
11310 335
4731 141
11716 354
7049 213
19377 587
27517 834
4592 141
5978 188
21593 686
11079 353
22271 729
20231 663
25212 855
12627 442
13556 476
16001 574
18250 669
28997 1063
9963 370
23613 884
4085 155
7189 273
15318 604
12649 505
12966 518
15935 652
7734 319
12721 545
7831 342
10703 481
10891 496
14863 678
1682 79
26775 1259
723 34
19817 938
12274 581
16147 772
21146 1020
6012 291
17705 868
1951 96
3941 194
8106 400
11078 548
18765 940
26016 1321
7772 396
19843 1023
6718 349
22449 1187
21929 1162
16903 897
12443 663
9928 529
12618 674
3352 183
3649 202
9224 522
27131 1598
18287 1137
15839 986
3959 247
22350 1447
12394 819
15568 1030
16604 1106
17342 1175
24744 1680
8370 570
8885 609
3907 270
4583 317
22852 1594
6683 477
11041 795
8871 643
9672 703
4067 297
626 46
20958 1544
21506 1586
24298 1815
23779 1782
14108 1072
25691 1961
24261 1862
15588 1223
23904 1884
21536 1710
15606 1240
21119 1683
17066 1364
5227 419
4076 335
23724 1969
6432 537
13593 1137
4949 414
3558 300
25219 2131
14277 1216
20700 1790
22110 1918
6974 611
6798 597
23514 2078
13691 1228
23542 2128
22484 2062
9949 924
15269 1426
21597 2040
14444 1372
16836 1600
19746 1882
7887 753
17961 1727
4187 404
15802 1529
12207 1191
14798 1447
17144 1717
6269 631
23319 2353
18376 1897
7415 767
27651 2884
15155 1583
8648 904
20777 2172
3317 347
4492 470
5122 542
1596 169
2542 271
23550 2519
1863 200
2523 271
4717 507
4130 444
20595 2246
8579 942
4726 519
16569 1830
14541 1619
25684 2871
22602 2529
8181 918
7355 831
6264 708
20513 2331
15425 1754
2050 237
16106 1864
9799 1141
3654 427
14836 1741
14157 1680
20939 2500
16037 1919
4376 525
30331 3653
2727 329
12603 1522
30054 3637
10823 1311
18353 2231
4772 582
22961 2808
5607 690
14776 1844
547 70
14258 1858
14940 1961
11945 1571
16633 2192
7032 941
19372 2596
29332 3938
11353 1531
13950 1892
22492 3075
2179 299
6979 958
15275 2097
14969 2073
26169 3625
2532 354
4941 691
29403 4138
7522 1065
14641 2106
12515 1815
7828 1143
12157 1779
10288 1513
3050 450
10727 1596
23126 3463
7819 1172
9430 1421
8313 1260
17380 2638
6751 1025
17682 2685
30087 4582
5624 859
21986 3379
7274 1118
15401 2372
10784 1663
12624 1960
31782 4949
13699 2141
13392 2098
16919 2690
17370 2763
8531 1361
5765 921
21794 3490
29518 4760
1822 294
3356 542
4529 735
13845 2247
6989 1139
21396 3493
2284 373
13318 2176
24796 4057
13956 2286
16225 2658
18960 3135
9040 1498
2781 464
2012 336
12637 2116
5022 841
13586 2288
24456 4122
28552 4821
21225 3592
24775 4239
663 114
12956 2234
3421 591
1849 321
28023 4901
6892 1206
15718 2767
19567 3460
6007 1063
14209 2519
5977 1061
12266 2183
21800 3915
19853 3591
26511 4800
8399 1530
6183 1131
7648 1404
4106 754
8689 1597
5200 956
24581 4544
21230 3925
27314 5116
16779 3153
367 69
26830 5054
6048 1148
21687 4117
25134 4781
4345 831
16344 3186
6992 1382
7889 1561
8546 1694
27281 5413
2760 548
5422 1079
17905 3578
22476 4519
4115 831
1303 264
27604 5612
15695 3207
21808 4496
23006 4751
19066 3952
14897 3094
14656 3050
1469 306
5376 1122
21698 4534
3746 784
10355 2171
11300 2378
12253 2583
732 155
13341 2858
10618 2281
11080 2383
3978 865
17008 3734
10017 2201
20770 4564
9558 2110
8235 1825
14303 3171
7779 1736
15457 3458
6759 1515
3671 823
4503 1014
7656 1725
12880 2910
1454 330
2824 646
18793 4317
22553 5197
3454 797
2896 671
9167 2138
8240 1932
16106 3796
5285 1256
19246 4583
2968 709
25944 6216
14613 3503
23161 5558
29139 7029
12854 3123
13157 3198
13114 3195
16700 4101
25954 6391
2438 604
26669 6612
11082 2761
8174 2042
5379 1361
14505 3677
861 220
18481 4731
25858 6620
4743 1219
24640 6333
19730 5115
25768 6707
23475 6153
4608 1212
22121 5863
9995 2650
9765 2596
19299 5139
9719 2599
1982 532
22148 5951
27705 7454
17594 4736
27874 7514
14340 3867
9290 2506
28798 7771
7449 2018
9521 2584
2145 583
10155 2763
8533 2329
10867 2971
13395 3670
30215 8310
276 76
19588 5394
21925 6058
10236 2849
15232 4254
428 120
13556 3806
2437 686
19044 5361
2696 759
7401 2085
5543 1567
19384 5526
7915 2262
24237 6942
19778 5704
23620 6866
9696 2823
8860 2584
24544 7162
21595 6338
20055 5897
10723 3182
5417 1623
2762 835
5432 1645
19855 6028
11453 3479
26429 8063
17583 5366
7211 2202
635 194
12999 3974
5586 1714
4924 1512
3999 1232
7727 2382
24829 7693
7784 2419
5139 1604
16433 5146
17379 5456
18649 5865
2344 741
16829 5331
16070 5093
1390 441
27299 8688
4204 1348
26796 8598
2321 746
11902 3837
11435 3699
2863 929
3086 1004
12712 4142
11539 3762
19356 6390
25711 8522
1881 624
7992 2661
2795 935
10859 3685
27669 9416
9402 3206
5542 1896
16638 5703
4681 1607
5712 1961
4717 1621
13756 4733
7383 2553
11306 3920
22100 7669
10837 3763
14128 4934
10761 3774
8188 2878
20058 7078
18366 6557
13717 4926
6951 2501
15308 5510
11236 4075
14219 5164
20518 7484
452 165
1289 473
10961 4025
20222 7480
13392 4958
24747 9179
10630 3944
18625 6922
8341 3102
11320 4215
15620 5837
5996 2246
21461 8041
19718 7390
1147 430
11418 4301
13416 5055
14923 5626
6204 2355
5503 2095
26518 10118
2098 807
12892 4973
5453 2110
2971 1151
2415 939
5533 2153
2898 1132
13991 5492
1426 563
8057 3189
14829 5875
434 172
19600 7779
4830 1920
26926 10713
2964 1180
27693 11028
24730 9896
23418 9374
9679 3875
15471 6194
9002 3620
9242 3732
12528 5077
4932 2001
8025 3263
1992 813
6413 2618
3221 1317
8129 3330
14208 5827
18272 7496
3514 1448
25544 10536
27310 11265
10745 4439
12127 5043
23465 9764
20059 8428
7139 3009
24994 10553
27292 11528
13780 5821
3188 1349
12561 5339
3770 1603
21664 9255
5393 2305
14254 6101
12273 5268
16544 7122
6309 2716
6067 2627
30438 13204
15475 6714
4605 2005
13885 6047
167 73
29033 12706
20291 8883
12980 5689
12903 5659
31672 13896
16166 7094
13883 6112
16922 7454
2195 967
15417 6806
8947 3952
10897 4835
23805 10589
11085 4935
10669 4750
1537 686
22194 9907
2603 1162
10036 4494
292 131
16166 7280
18043 8160
4941 2236
474 215
14603 6630
18280 8308
3050 1390
12061 5537
4853 2230
8241 3790
11475 5282
26083 12016
23036 10639
20630 9534
2695 1248
21409 9951
12422 5794
2863 1336
5414 2543
10482 4928
17308 8190
26072 12338
6597 3123
3390 1608
5526 2624
8890 4235
15562 7414
25512 12157
16267 7778
4183 2005
11727 5626
24290 11770
3951 1919
480 234
1117 545
8930 4372
6329 3119
5904 2954
5796 2905
4150 2084
12684 6372
16380 8229
3264 1642
10561 5345
20160 10216
14777 7531
10034 5114
7776 4010
14287 7424
5464 2840
18171 9494
6760 3542
12529 6582
4945 2600
7545 3969
4653 2448
8237 4336
12007 6323
12314 6505
6821 3622
8660 4623
7904 4228
8415 4506
5059 2715
11014 5918
2299 1237
3625 1958
9911 5367
24831 13474
7445 4075
5544 3038
20545 11270
13246 7274
5676 3122
5768 3174
11621 6407
13831 7642
17454 9678
4395 2438
7008 3888
19383 10756
1587 885
11296 6312
12507 7052
6882 3883
8286 4681
6121 3477
3438 1967
10230 5867
9155 5261
4625 2671
19875 11526
2994 1742
16285 9476
5089 2965
8359 4873
3090 1803
10094 5929
14446 8514
6642 3920
6879 4079
7589 4509
4361 2602
24050 14393
14262 8549
12693 7647
6099 3675
6308 3802
19842 12019
15189 9214
1378 838
8787 5373
6338 3881
19912 12216
18258 11203
15071 9380
4458 2778
17244 10746
9665 6024
8558 5340
9585 5982
21419 13393
981 614
16116 10126
5734 3624
10620 6719
18861 11991
13777 8759
4263 2711
1299 829
21844 13991
1208 774
16710 10733
10238 6582
17420 11208
4873 3138
2819 1816
8085 5209
7329 4735
10703 6926
992 642
1027 666
19174 12496
8141 5307
16149 10530
14945 9783
23510 15392
11829 7756
2169 1428
13804 9095
18322 12136
12072 8058
25672 17160
18123 12115
6988 4685
15329 10312
9947 6707
20648 13994
1276 866
19226 13061
8109 5527
10232 6978
14158 9658
16668 11372
20803 14238
17087 11768
2507 1741
3625 2518
9949 6925
5556 3869
2994 2085
4251 2964
23512 16412
6077 4249
23813 16698
14011 9877
15075 10634
5484 3869
5486 3876
5769 4078
4912 3474
2415 1710
979 696
8841 6303
9150 6525
17112 12214
11846 8462
6750 4836
16060 11550
15071 10854
2567 1852
5677 4111
19499 14143
7977 5823
12814 9371
18981 13889
7015 5149
4594 3373
5170 3825
19259 14271
13750 10194
7855 5833
2621 1957
8783 6560
27764 20817
2372 1782
5644 4253
1993 1504
16535 12508
8939 6764
11874 9043
9093 6930
22962 17512
3138 2396
8749 6687
12368 9485
3994 3064
14756 11331
25829 19898
10814 8371
14438 11180
15631 12127
12677 9837
6513 5058
16481 12807
21953 17073
4272 3323
21134 16446
5939 4645
5416 4242
6410 5021
6458 5061
5701 4480
7087 5590
5922 4673
11521 9094
5294 4180
26197 20720
4835 3830
16111 12766
15744 12495
20024 15942
20898 16711
16540 13326
1995 1609
10944 8883
14785 12091
13223 10821
14095 11536
5767 4730
4754 3903
7886 6477
11959 9850
5332 4396
10156 8381
9863 8154
6565 5429
5367 4451
4076 3392
16261 13550
8052 6785
3387 2856
1100 929
6859 5819
3460 2946
1240 1056
10124 8628
7187 6145
10165 8698
13032 11152
18091 15546
4764 4105
5354 4614
12708 11005
9920 8594
20480 17764
6469 5612
3486 3028
10478 9115
9675 8434
8822 7691
5384 4735
11454 10124
9489 8408
23030 20445
17033 15162
6169 5501
16069 14350
6140 5487
20979 18765
3310 2965
9896 8907
8066 7275
10083 9131
7328 6686
11854 10818
7396 6774
5155 4732
9399 8645
3268 3006
10156 9345
13063 12030
16834 15508
23049 21254
5946 5490
5674 5240
3038 2809
1957 1813
18501 17199
13100 12193
8378 7822
11021 10296
18752 17593
8825 8308
11051 10440
16198 15346
6167 5852
7956 7553
7076 6727
1623 1544
21829 20811
807 770
7430 7099
3737 3571
9132 8736
488 468
9677 9384
11363 11027
14475 14099
6626 6467
14193 13878
463 453
2217 2171
10948 10729
2110 2068
6971 6841
25585 25189
6259 6163
19021 18753
6270 6197
2280 2258
18164 18077
21000 20931
8563 8587
6271 6293
7036 7062
14993 15055
15175 15245
2148 2158
10701 10776
11819 11910
10108 10195
4527 4571
4751 4800
5586 5679
3747 3818
8954 9136
9972 10177
7660 7824
4601 4714
24469 25100
5067 5208
7452 7672
22697 23379
8952 9228
683 705
9366 9669
7685 7942
8790 9097
10558 10932
17352 17973
13693 14239
13968 14525
16018 16741
5253 5498
9247 9693
17232 18234
8890 9408
5310 5628
9803 10402
996 1060
11028 11793
997 1073
3250 3513
2824 3057
5078 5507
1232 1337
10462 11359
5585 6072
6103 6636
5726 6262
16678 18269
1516 1667
16068 17676
9076 9991
12570 13838
13646 15025
9394 10379
11079 12249
2130 2356
8461 9391
4223 4702
4328 4820
12724 14196
10500 11742
16118 18056
8537 9619
2193 2473
7753 8811
11678 13273
10835 12318
1244 1415
10283 11725
16981 19373
6513 7447
7788 8915
12906 14824
14577 16761
9815 11313
16027 18543
57 66
14615 16947
4602 5337
7133 8292
9864 11500
2637 3084
1801 2110
1584 1859
6250 7341
10174 11961
14679 17287
19544 23037
11988 14147
12889 15213
8775 10400
15348 18261
22369 26671
12092 14436
5702 6815
16551 19790
10988 13187
4924 5913
3785 4549
9154 11008
21181 25663
1833 2226
2668 3241
9500 11553
4782 5819
7358 9014
15357 18856
774 952
11833 14623
11612 14396
1345 1668
17977 22318
6202 7730
10352 12948
5332 6674
1966 2461
2324 2922
3070 3870
5021 6332
4267 5392
5112 6474
3499 4433
12386 15729
6759 8597
2938 3739
4951 6313
3671 4682
18015 23034
4408 5640
5354 6859
6818 8736
6059 7798
5173 6660
12139 15639
11134 14419
8738 11347
2832 3680
5445 7090
10634 13849
16435 21408
2587 3380
981 1284
15139 19855
5004 6567
17922 23534
9085 11935
6909 9093
6814 8987
17577 23224
12522 16563
12379 16385
11505 15252
10359 13761
3252 4320
16244 21599
6677 8907
18517 24769
4023 5400
13302 17868
3130 4217
1064 1434
16897 22836
4472 6064
2861 3890
5053 6898
1398 1911
11568 15889
9775 13489
4442 6138
3356 4642
1829 2547
7259 10131
3819 5332
15821 22121
8705 12173
9402 13148
2926 4100
1106 1553
1603 2259
6832 9631
6086 8582
15526 21985
3770 5345
22150 31485
7270 10340
4593 6534
12003 17092
11268 16072
179 256
6225 8941
5824 8398
12850 18546
14809 21409
5038 7286
14918 21578
10728 15547
3911 5678
7520 10954
10706 15624
5047 7383
6178 9056
6359 9323
1587 2339
8118 11970
12924 19095
5297 7832
7099 10509
772 1143
1147 1705
4783 7110
6305 9377
11213 16761
3486 5214
4134 6186
12901 19308
14290 21395
14180 21366
16689 25173
1949 2948
3130 4743
3887 5914
3559 5415
3779 5754
8187 12497
1847 2826
9864 15138
5733 8817
7628 11733
5643 8713
17434 26925
4578 7090
1897 2941
9530 14788
11743 18275
3545 5519
4046 6304
6360 10007
8513 13417
9890 15625
491 776
1505 2383
6952 11017
9370 14887
4636 7373
8207 13063
8865 14135
11639 18622
6730 10825
8823 14232
551 889
8222 13266
16216 26194
10098 16327
2002 3249
8699 14125
6778 11070
11811 19352
4224 6930
6669 10955
10984 18082
4978 8217
3219 5329
9130 15143
2875 4769
4780 7940
6901 11644
6617 11196
8409 14229
1642 2810
4951 8487
4587 7866
1547 2666
7622 13143
5991 10337
1992 3438
1407 2433
9895 17232
4937 8601
4434 7733
4851 8461
9206 16099
8230 14422
5444 9569
4532 7974
3222 5700
806 1439
14350 25623
4535 8119
5925 10635
1646 2966
15407 27790
10774 19508
1023 1861
4148 7555
3920 7152
5926 10833
4419 8113
10641 19545
15286 28152
9871 18238
4777 8852
1296 2411
4135 7702
3426 6482
6730 12734
7741 14647
11462 21694
8341 15796
5423 10347
13230 25300
3131 5988
3437 6602
5830 11208
4808 9262
9633 18597
4087 7891
5189 10063
2976 5781
3815 7441
4039 7880
543 1063
6585 12905
7760 15351
12654 25062
5068 10047
1470 2929
4494 8980
12078 24224
3534 7092
4860 9786
9318 18780
12106 24418
3149 6366
5863 11915
12158 24816
2628 5367
5586 11410
869 1781
1871 3846
7931 16315
5490 11355
4900 10156
6242 12945
4975 10378
4071 8547
5863 12319
6666 14179
1849 3935
4892 10427
3091 6606
4314 9237
241 517
2433 5229
4014 8652
1962 4235
1447 3140
1581 3452
4600 10113
7938 17464
4239 9334
8742 19264
12909 28506
3677 8120
5726 12649
4766 10548
5599 12411
7719 17207
798 1788
6093 13661
10344 23204
1178 2643
6052 13624
3179 7172
335 758
5595 12708
550 1251
4353 9968
1689 3877
1834 4220
3875 8942
8596 19880
2878 6663
3954 9156
5382 12468
7759 18003
1624 3769
4660 10825
1613 3756
2177 5070
3653 8512
1097 2557
947 2219
8778 20592
1490 3505
4048 9525
8344 19709
2101 4974
1933 4581
5370 12730
8245 19605
2033 4851
7298 17449
2111 5058
9347 22446
4381 10613
566 1372
10232 24807
5729 13890
2255 5551
1136 2799
4366 10766
5808 14383
2387 5967
932 2352
2275 5748
6330 16089
1416 3602
3322 8489
670 1719
8324 21362
11140 28903
3507 9133
8097 21140
10213 26716
4371 11441
2598 6835
8544 22509
1858 4913
5078 13438
4630 12313
8175 21836
4872 13028
3717 9977
6915 18688
1268 3432
4067 11086
7714 21064
779 2142
2456 6758
2210 6097
1360 3758
6929 19172
1452 4021
5759 15965
6624 18425
8346 23278
885 2469
499 1399
10056 28368
2696 7622
7477 21165
8310 23546
2340 6639
6742 19178
7297 20810
4013 11445
3178 9085
5811 16635
9127 26156
3657 10492
2342 6729
3195 9199
1702 4934
7389 21503
1991 5801
2015 5894
1204 3541
8799 25891
8288 24441
412 1225
3642 10844
2937 8747
4028 12048
5624 16867
1015 3055
4321 13032
2188 6600
9279 28071
492 1494
10313 31358
6996 21292
1382 4237
9966 30597
1658 5096
5951 18303
5272 16261
4447 13740
8517 26485
6740 20993
1695 5300
3628 11353
2013 6300
3077 9638
7842 24733
5604 17679
3023 9582
2514 7972
3594 11481
3568 11485
2137 6901
6141 19856
2398 7754
802 2598
4450 14434
4871 15887
6551 21370
3976 13078
1522 5033
3729 12338
2763 9149
5677 18805
2915 9729
1197 4008
3386 11355
4448 14957
1505 5063
3192 10811
6839 23169
2847 9794
630 2171
3035 10464
2968 10255
4428 15307
236 817
6509 22597
5953 20775
5782 20215
1200 4197
211 739
3447 12111
5569 19712
2355 8352
4342 15434
4785 17025
1674 5979
1029 3698
3491 12609
6545 23689
6570 23907
2482 9045
5505 20130
2575 9445
1691 6209
420 1548
3691 13753
3632 13536
7304 27246
248 927
4919 18545
130 492
868 3288
2684 10172
3536 13418
2539 9655
834 3199
2616 10111
2365 9152
3406 13197
4211 16319
1648 6393
4466 17357
4535 17663
1634 6374
6537 25503
800 3126
7316 28701
4140 16287
5775 22730
6864 27023
4003 15766
3512 13842
5057 19988
804 3180
4042 16021
936 3714
2549 10197
6000 24118
430 1729
5881 23654
197 801
2502 10182
2803 11429
1561 6366
908 3713
3828 15708
1762 7231
278 1148
3360 14061
5861 24575
6606 27825
2269 9561
99 418
2200 9293
4267 18131
6595 28047
4459 19119
6347 27301
1659 7141
3334 14390
5111 22108
2928 12672
3299 14279
697 3019
6058 26371
3105 13585
3095 13594
1864 8189
4617 20488
2341 10426
954 4249
3283 14741
1513 6815
5461 24807
2486 11302
1384 6307
3862 17629
2846 12997
595 2719
528 2417
2898 13272
910 4178
2888 13356
1995 9227
1765 8166
6199 28789
2761 12842
3171 14786
3483 16274
3405 15955
5653 26653
1802 8547
3978 18887
4625 21996
2259 10755
129 615
3283 15697
3679 17629
247 1184
1952 9389
2973 14322
2451 11842
3098 14993
289 1403
1018 4961
2013 9821
1635 7997
2956 14540
479 2409
1420 7184
2144 10898
3535 18063
2702 13833
2767 14223
2018 10435
1005 5218
3821 19966
2354 12350
4777 25286
549 2907
1398 7423
246 1308
1881 10088
372 1997
617 3341
269 1464
3814 20758
1858 10128
3564 19465
442 2417
2885 15944
709 3933
2452 13658
304 1698
1984 11111
2268 12839
2097 11937
5351 30757
2515 14623
222 1293
761 4458
165 967
3520 20768
1856 10984
2904 17557
1116 6787
2851 17403
1728 10581
657 4032
689 4250
281 1769
2401 15165
3029 19142
5000 31861
2493 15911
2729 17446
2898 18667
2541 16368
1244 8020
2482 16005
651 4209
99 641
3108 20174
1298 8510
2692 17748
4364 28922
1775 11781
2388 15883
2529 16835
808 5419
837 5618
1369 9366
2297 15899
2674 18523
984 6894
3103 21762
2645 18567
2441 17269
603 4267
3386 24029
2250 16011
459 3269
4056 28987
2968 21413
3803 27464
3569 25781
286 2078
858 6248
1341 9787
689 5035
2131 15692
2961 21833
1798 13340
897 6657
713 5337
1536 11544
1088 8213
1084 8340
3032 23398
919 7123
352 2732
2301 17887
3289 25796
1556 12231
4028 31930
3295 26159
2878 22985
1195 9560
268 2147
2535 20417
287 2320
3102 25157
2002 16258
1106 8986
721 5858
1902 15522
1902 15579
2329 19231
1574 13017
1274 10633
2305 19409
1599 13588
1730 14769
870 7507
1535 13515
889 7830
1475 13086
769 6901
588 5301
361 3271
930 8453
2167 19697
1031 9401
2725 24977
2603 23865
304 2788
1708 15734
488 4500
260 2401
2672 24889
2021 18869
981 9180
2108 19746
313 2953
429 4073
4 38
449 4289
825 7905
1444 13959
781 7551
1671 16231
3220 31566
883 8662
870 8642
2125 21271
388 3885
1744 17483
1532 15507
1631 16552
1463 14865
996 10133
1458 14876
863 8903
658 6835
2010 20945
1493 15667
2046 21512
118 1246
934 9884
2415 25716
1469 15700
1110 11885
2004 21585
1564 16902
1203 13034
1030 11181
295 3242
1478 16272
708 7908
1045 11686
1736 19634
442 5005
838 9560
2545 29447
2088 24758
181 2175
525 6323
1111 13444
1329 16157
1499 18430
270 3341
364 4511
861 10733
910 11401
1800 23000
925 11886
71 917
426 5567
359 4692
181 2368
878 11545
256 3394
2 27
1491 20237
1054 14417
383 5247
375 5173
2019 28199
1381 19386
247 3471
1067 14997
1825 26383
794 11490
1877 27404
308 4519
694 10183
1052 15509
427 6336
1682 25351
1709 25881
2033 30830
1044 16087
889 13746
1272 19776
1303 20275
834 13018
1406 22066
1587 24974
438 6924
296 4689
840 13385
1535 25024
607 9946
223 3661
880 14673
901 15030
505 8505
267 4507
996 16900
903 15375
918 15705
831 14516
208 3646
496 8705
386 7053
409 7482
308 5681
246 4653
750 14237
698 13258
616 11928
343 6656
264 5181
806 15890
484 9639
562 11222
834 16861
172 3547
85 1764
393 8237
888 18663
965 20770
79 1716
347 7674
1045 23126
981 21763
727 16160
845 18907
494 11067
1064 24490
55 1302
684 17459
362 9336
359 9278
772 20137
446 12232
223 6297
145 4224
707 20654
608 18275
177 5369
443 13442
63 1950
432 13532
853 26796
7 223
297 9514
386 12405
129 4266
427 14315
418 14182
436 15089
106 3682
126 4411
510 18160
99 3611
97 3552
197 7406
454 17104
47 1776
297 11259
625 24455
629 24672
706 27869
213 8412
220 9362
164 7030
339 14755
35 1550
367 17327
199 9439
83 4009
539 26666
240 12305
176 9098
200 10651
137 7541
469 26670
503 29401
52 3139
103 6301
33 2048
356 22097
114 7085
383 23875
190 12000
254 16125
263 16697
229 14782
58 3806
387 25560
101 6940
382 26279
41 2898
21 1486
218 15430
217 15828
234 17346
164 12417
135 10329
142 11964
224 18995
189 16626
202 18109
173 15888
100 9506
113 11177
264 26157
94 9472
24 2589
171 19671
149 18565
77 9774
19 2554
29 4011
173 24836
156 23165
142 21530
105 16155
66 11940
78 14483
96 17874
88 20409
44 10225
24 5819
74 18034
25 6179
93 27122
97 31027
63 21698
71 26624
12 4928
28 18643
21 14401
13 11328
2 1813
2 2210
9 20973
1 22300
